version https://git-lfs.github.com/spec/v1
oid sha256:64849e4bdf334afe1e1c81bd83dd6ad61282816577a4389c81c4bd0896abd265
size 34163
