version https://git-lfs.github.com/spec/v1
oid sha256:3f1f041bb9b776e07210ee82cecd3c93af9bff72c7ee067c746d4a1498d9a51d
size 31693
