version https://git-lfs.github.com/spec/v1
oid sha256:d0baa16b279d52abba2b575e5afd6117f1a12ed7be7d1bf4dece35453d3cd3d9
size 215408
