version https://git-lfs.github.com/spec/v1
oid sha256:8c3a181e49f79d830bae78f66598a8bcdc09cba75afae9056b2916a9edac387f
size 631239
