version https://git-lfs.github.com/spec/v1
oid sha256:64c225e2e26837e04e741d43b40666504e26bc4703c428939257c6c38af78b34
size 177277
